% start	end	CellId	IMSI	RNTI	LCID	nTxPDUs	TxBytes	nRxPDUs	RxBytes	delay	stdDev	min	max	PduSize	stdDev	min	max
0	0.25	1	1	126	3	4	272	4	272	0.00649991	0.00369685	0.00399991	0.0119999	68	0	68	68	
0	0.25	1	2	28	3	7	476	7	476	0.0121427	0.00409989	0.0069999	0.0189998	68	0	68	68	
0	0.25	1	4	169	3	1	68	1	68	0.00399974	0	0.00399974	0.00399974	68	0	68	68	
0	0.25	1	5	128	3	4	272	4	272	0.00874958	0.00359384	0.00599974	0.0139994	68	0	68	68	
0	0.25	1	7	109	3	1	44	1	44	0.00399984	0	0.00399984	0.00399984	44	0	44	44	
0	0.25	1	8	57	3	7	476	7	476	0.0137138	0.00398796	0.00999938	0.0209992	68	0	68	68	
0	0.25	1	9	1	3	7	476	7	476	0.0108566	0.00456165	0.00399923	0.017999	68	0	68	68	
0	0.25	1	10	90	3	6	408	6	408	0.00933268	0.00408225	0.00499949	0.0159988	68	0	68	68	
0	0.25	1	12	91	3	6	408	6	408	0.0108326	0.00371003	0.00699949	0.0169985	68	0	68	68	
0	0.25	1	13	77	3	4	248	4	248	0.0119992	0.00141431	0.0109989	0.0139993	62	12	44	68	
0	0.25	1	14	127	3	4	272	4	272	0.007749	0.00359358	0.00499924	0.0129984	68	0	68	68	
0	0.25	1	15	111	3	5	340	5	340	0.00919898	0.00389834	0.00499932	0.0149982	68	0	68	68	
0	0.25	1	17	110	3	8	395	8	395	0.0039973	1.58931e-06	0.00399518	0.00399984	49.375	1.76777	48	52	
0	0.25	1	18	54	3	16	785	16	785	0.00799776	1.37762e-06	0.00799511	0.00799983	49.0625	1.18145	48	51	
0	0.25	1	19	80	3	16	800	16	800	0.0119977	0.00103336	0.010995	0.0129998	50	2.63312	48	57	
0	0.25	1	20	56	3	16	784	16	784	0.00899761	1.37212e-06	0.00899496	0.00899969	49	1.54919	48	53	
0	0.25	1	21	78	3	16	782	16	782	0.0109975	0.00103336	0.00999489	0.0119995	48.875	1.31022	48	52	
0	0.25	1	23	26	3	16	811	16	811	0.00649745	0.000515821	0.00599672	0.00699931	50.6875	2.46897	48	55	
0	0.25	1	24	129	3	8	394	8	394	0.0049968	1.48527e-06	0.00499475	0.00499915	49.25	1.16496	48	51	
0	0.25	1	25	156	3	8	389	8	389	0.00599672	1.48557e-06	0.00599468	0.00599909	48.625	0.744024	48	50	
0	0.25	1	26	140	3	2	293	2	293	0.00399984	7.07107e-10	0.00399984	0.00399984	146.5	0.707107	146	147	
0	0.25	1	28	27	3	2	303	2	303	0.00399984	2.12132e-08	0.00399982	0.00399985	151.5	23.3345	135	168	
0	0.25	1	29	29	3	2	266	2	266	0.00399981	8.83883e-08	0.00399975	0.00399987	133	32.5269	110	156	
0	0.25	1	30	179	3	1	150	1	150	0.00499984	0	0.00499984	0.00499984	150	0	150	150	
0	0.25	1	31	4	3	3	499	3	499	0.00399977	1.13606e-07	0.00399965	0.00399988	166.333	60.4676	102	222	
0	0.25	1	32	112	3	2	284	2	284	0.00399984	1.41421e-09	0.00399984	0.00399984	142	1.41421	141	143	
0	0.25	1	34	89	3	3	462	2	347	0.00399982	2.82843e-08	0.0039998	0.00399984	173.5	33.234	150	197	
0	0.25	1	35	2	3	3	548	3	548	0.00399981	4.26185e-08	0.00399976	0.00399985	182.667	48.1698	137	233	
0	0.25	1	50	3	3	1	58	1	58	0.00499961	0	0.00499961	0.00499961	58	0	58	58	
0.25	0.5	1	1	126	3	13	884	13	884	0.0134614	0.0066158	0.00599991	0.0299998	68	0	68	68	
0.25	0.5	1	2	28	3	13	884	13	884	0.0139228	0.00756588	0.00599982	0.0319995	68	0	68	68	
0.25	0.5	1	3	182	3	1	44	1	44	0.00399993	0	0.00399993	0.00399993	44	0	44	44	
0.25	0.5	1	4	169	3	13	884	12	816	0.0121663	0.00673965	0.00499974	0.0219994	68	0	68	68	
0.25	0.5	1	5	128	3	13	884	12	816	0.0164162	0.00640241	0.00899965	0.0319993	68	0	68	68	
0.25	0.5	1	6	180	3	13	884	12	816	0.0109994	0.0066877	0.00399956	0.0199993	68	0	68	68	
0.25	0.5	1	7	109	3	2	88	2	88	0.00499993	0.00141421	0.00399993	0.00599993	44	0	44	44	
0.25	0.5	1	8	57	3	13	884	13	884	0.0153839	0.0077944	0.00699948	0.0339986	68	0	68	68	
0.25	0.5	1	9	1	3	13	884	13	884	0.0126146	0.00774073	0.00499939	0.0309984	68	0	68	68	
0.25	0.5	1	10	90	3	13	884	12	816	0.0151658	0.0071199	0.00699931	0.0289982	68	0	68	68	
0.25	0.5	1	11	190	3	12	816	11	748	0.00990808	0.00607352	0.00399907	0.0189984	68	0	68	68	
0.25	0.5	1	12	91	3	13	884	13	884	0.0116143	0.00774062	0.00399913	0.0299978	68	0	68	68	
0.25	0.5	1	13	77	3	2	112	2	112	0.00399992	1.48492e-08	0.00399991	0.00399993	56	16.9706	44	68	
0.25	0.5	1	14	127	3	13	884	12	816	0.0154155	0.00640218	0.00799913	0.030998	68	0	68	68	
0.25	0.5	1	15	111	3	13	884	12	816	0.0179154	0.0064446	0.00999905	0.0339977	68	0	68	68	
0.25	0.5	1	16	170	3	16	814	16	814	0.00399647	1.99833e-06	0.00399365	0.00399992	50.875	2.52653	48	56	
0.25	0.5	1	17	110	3	16	791	16	791	0.00649638	0.000516296	0.00599381	0.00699978	49.4375	1.67207	48	54	
0.25	0.5	1	18	54	3	16	786	16	786	0.0104963	0.000516296	0.00999374	0.0109996	49.125	1.5	48	53	
0.25	0.5	1	19	80	3	16	805	16	805	0.0134962	0.000516284	0.0129937	0.0139995	50.3125	2.12034	48	54	
0.25	0.5	1	20	56	3	16	807	16	807	0.0114961	0.000516279	0.0109936	0.0119991	50.4375	3.42479	48	60	
0.25	0.5	1	21	78	3	16	795	16	795	0.012496	0.000516285	0.0119935	0.0129991	49.6875	3.13515	48	58	
0.25	0.5	1	22	189	3	16	790	16	790	0.00499593	1.84522e-06	0.00499322	0.00499906	49.375	2.55278	48	58	
0.25	0.5	1	23	26	3	16	795	16	795	0.00949585	0.000516285	0.00899339	0.00999883	49.6875	1.92246	48	55	
0.25	0.5	1	24	129	3	16	798	16	798	0.00749576	0.000516279	0.00699332	0.00799867	49.875	2.75379	48	58	
0.25	0.5	1	25	156	3	16	791	16	791	0.00849568	0.000516279	0.00799325	0.00899852	49.4375	1.26326	48	52	
0.25	0.5	1	26	140	3	4	557	4	557	0.0067498	0.00419327	0.00399984	0.0129998	139.25	11.8427	122	149	
0.25	0.5	1	27	181	3	4	786	4	786	0.0039998	4.35048e-08	0.00399973	0.00399982	196.5	49.1901	166	270	
0.25	0.5	1	28	27	3	5	923	5	923	0.00659966	0.00472208	0.00399977	0.0149993	184.6	28.0856	147	223	
0.25	0.5	1	29	29	3	5	803	5	803	0.00539983	0.00313049	0.00399981	0.0109998	160.6	24.3783	121	179	
0.25	0.5	1	30	179	3	4	766	4	766	0.0039998	4.12422e-08	0.00399975	0.00399985	191.5	46.9716	138	252	
0.25	0.5	1	31	4	3	4	671	4	671	0.00399982	5.14093e-08	0.00399974	0.00399985	167.75	58.4544	131	255	
0.25	0.5	1	32	112	3	4	646	4	646	0.00399983	3.33167e-08	0.0039998	0.00399987	161.5	37.7403	107	194	
0.25	0.5	1	33	154	3	4	788	4	788	0.00399979	3.87245e-08	0.00399976	0.00399984	197	44.0908	141	237	
0.25	0.5	1	34	89	3	4	520	5	635	0.00599983	0.00447206	0.00399984	0.0139997	127	12.7867	114	141	
0.25	0.5	1	35	2	3	4	669	4	669	0.00424978	0.000499924	0.00399974	0.00499966	167.25	61.765	110	255	
0.25	0.5	1	41	55	3	2	112	2	112	0.0030705	7.8701e-07	0.00306994	0.00307105	56	2.82843	54	58	
0.25	0.5	1	43	92	3	1	58	1	58	0.00307004	0	0.00307004	0.00307004	58	0	58	58	
0.25	0.5	1	44	79	3	2	112	2	112	0.0030704	4.34871e-07	0.0030701	0.00307071	56	2.82843	54	58	
0.25	0.5	1	45	139	3	1	58	1	58	0.00307105	0	0.00307105	0.00307105	58	0	58	58	
0.25	0.5	1	50	3	3	22	30672	13	17550	0.00722185	0.00504591	0.00306893	0.0150653	1350	389.4	54	1458	
0.5	0.75	1	1	126	3	12	816	10	680	0.0152997	0.00797273	0.00899974	0.0299992	68	0	68	68	
0.5	0.75	1	2	28	3	12	816	12	816	0.0147495	0.0107965	0.00699959	0.0389993	68	0	68	68	
0.5	0.75	1	3	182	3	12	816	10	680	0.00879987	0.00603321	0.00399984	0.0209998	68	0	68	68	
0.5	0.75	1	4	169	3	12	816	13	884	0.0205379	0.012326	0.00399965	0.0449988	68	0	68	68	
0.5	0.75	1	5	128	3	12	816	11	748	0.0176357	0.00774924	0.0109995	0.0319986	68	0	68	68	
0.5	0.75	1	6	180	3	12	816	13	884	0.0218454	0.0100731	0.00799941	0.0429984	68	0	68	68	
0.5	0.75	1	7	109	3	1	44	1	44	0.00399993	0	0.00399993	0.00399993	44	0	44	44	
0.5	0.75	1	8	57	3	12	816	12	816	0.0160824	0.0106465	0.00799924	0.0399986	68	0	68	68	
0.5	0.75	1	9	1	3	12	816	12	816	0.013749	0.0107963	0.00599916	0.0379983	68	0	68	68	
0.5	0.75	1	10	90	3	3	156	4	224	0.0202491	0.0143607	0.00399993	0.0389982	56	13.8564	44	68	
0.5	0.75	1	11	190	3	12	816	11	748	0.0188171	0.00784583	0.0119991	0.032998	68	0	68	68	
0.5	0.75	1	12	91	3	12	816	12	816	0.0209154	0.0118429	0.00499913	0.0469977	68	0	68	68	
0.5	0.75	1	13	77	3	8	520	8	520	0.0108748	0.00870849	0.00399984	0.0239998	65	8.48528	44	68	
0.5	0.75	1	14	127	3	12	816	11	748	0.0158169	0.00773015	0.0099989	0.0309974	68	0	68	68	
0.5	0.75	1	15	111	3	12	816	13	884	0.0184601	0.0093413	0.00399896	0.0349973	68	0	68	68	
0.5	0.75	1	16	170	3	24	1168	24	1168	0.00566304	0.00173614	0.00399373	0.00799993	48.6667	1.30773	48	53	
0.5	0.75	1	17	110	3	24	1185	24	1185	0.00766295	0.00173614	0.00599366	0.00999969	49.375	1.88386	48	56	
0.5	0.75	1	18	54	3	24	1205	24	1205	0.0116629	0.00173613	0.00999359	0.0139995	50.2083	3.41326	48	62	
0.5	0.75	1	19	80	3	24	1191	24	1191	0.0146628	0.00173613	0.0129935	0.0169993	49.625	1.55515	48	53	
0.5	0.75	1	20	56	3	24	1193	24	1193	0.0126627	0.00173613	0.0109934	0.0149991	49.7083	2.71035	48	58	
0.5	0.75	1	21	78	3	24	1183	24	1183	0.0136626	0.00173613	0.0119934	0.015999	49.2917	1.89918	48	57	
0.5	0.75	1	22	189	3	24	1190	24	1190	0.0066625	0.00173614	0.0049933	0.00899884	49.5833	1.97631	48	55	
0.5	0.75	1	23	26	3	24	1214	24	1214	0.0106624	0.00173613	0.00899323	0.0129987	50.5833	3.57426	48	61	
0.5	0.75	1	24	129	3	24	1176	24	1176	0.00866233	0.00173613	0.00699316	0.0109985	49	2.46718	48	60	
0.5	0.75	1	25	156	3	24	1172	24	1172	0.00966225	0.00173613	0.00799309	0.0119985	48.8333	1.63299	48	55	
0.5	0.75	1	26	140	3	5	694	5	694	0.00439981	0.000547652	0.00399984	0.00499983	138.8	40.1211	82	190	
0.5	0.75	1	27	181	3	4	616	4	616	0.00749979	0.00568626	0.00399986	0.0159998	154	27.4833	120	185	
0.5	0.75	1	28	27	3	5	816	5	816	0.0045998	0.000894401	0.00399982	0.00599983	163.2	29.4143	131	210	
0.5	0.75	1	29	29	3	4	727	4	727	0.00549981	0.00300004	0.00399972	0.00999987	181.75	76.3648	113	285	
0.5	0.75	1	30	179	3	4	619	4	619	0.00574983	0.00236288	0.00399984	0.00899979	154.75	35.8457	118	204	
0.5	0.75	1	31	4	3	4	748	4	748	0.0039998	2.35301e-08	0.00399977	0.00399982	187	26.8452	166	223	
0.5	0.75	1	32	112	3	4	668	4	668	0.00674971	0.00549976	0.00399979	0.0149994	167	39.8748	123	206	
0.5	0.75	1	33	154	3	4	634	4	634	0.00449983	0.00100001	0.00399981	0.00599985	158.5	16.8226	140	176	
0.5	0.75	1	34	89	3	4	732	4	732	0.00574981	0.00287229	0.0039998	0.00999983	183	71.2507	109	276	
0.5	0.75	1	35	2	3	4	840	4	840	0.00649973	0.00378593	0.00399977	0.0119998	210	34.6795	158	228	
0.5	0.75	1	36	168	3	1	58	1	58	0.00407023	0	0.00407023	0.00407023	58	0	58	58	
0.5	0.75	1	37	155	3	3	755	3	755	0.00307074	3.83555e-07	0.00307031	0.00307106	251.667	338.911	54	643	
0.5	0.75	1	38	192	3	1	58	1	58	0.00407071	0	0.00407071	0.00407071	58	0	58	58	
0.5	0.75	1	39	167	3	1	58	1	58	0.00307015	0	0.00307015	0.00307015	58	0	58	58	
0.5	0.75	1	40	194	3	1	58	1	58	0.00507064	0	0.00507064	0.00507064	58	0	58	58	
0.5	0.75	1	41	55	3	7	4363	7	4363	0.00721223	0.00441258	0.0030687	0.01307	623.286	622.989	54	1458	
0.5	0.75	1	42	191	3	1	58	1	58	0.00307056	0	0.00307056	0.00307056	58	0	58	58	
0.5	0.75	1	43	92	3	2	647	2	647	0.00307012	3.35876e-07	0.00306989	0.00307036	323.5	381.131	54	593	
0.5	0.75	1	44	79	3	1	408	1	408	0.0030704	0	0.0030704	0.0030704	408	0	408	408	
0.5	0.75	1	45	139	3	2	627	2	627	0.00307069	3.22441e-07	0.00307046	0.00307092	313.5	366.988	54	573	
0.5	0.75	1	46	142	3	9	10318	8	8860	0.00993582	0.00864754	0.00307003	0.0230688	1107.5	649.001	54	1458	
0.5	0.75	1	47	153	3	9	10318	8	8860	0.0100608	0.00857294	0.00306994	0.0230688	1107.5	649.001	54	1458	
0.5	0.75	1	48	193	3	9	10318	8	8860	0.0105608	0.00897928	0.00307003	0.0240688	1107.5	649.001	54	1458	
0.5	0.75	1	49	141	3	9	10318	8	8860	0.00831073	0.00621098	0.00307003	0.0170688	1107.5	649.001	54	1458	
0.5	0.75	1	50	3	3	21	30618	19	27702	0.0260149	0.0161012	0.00707004	0.0600694	1458	0	1458	1458	
0.75	1	1	1	126	3	13	884	15	1020	0.0144665	0.0107495	0.00399982	0.0419997	68	0	68	68	
0.75	1	1	2	28	3	13	884	13	884	0.018692	0.00938423	0.00699976	0.0379997	68	0	68	68	
0.75	1	1	3	182	3	8	520	10	656	0.0193999	0.0111674	0.00599984	0.0409998	65.6	7.58947	44	68	
0.75	1	1	4	169	3	13	884	12	816	0.0224163	0.00800511	0.0139997	0.0399991	68	0	68	68	
0.75	1	1	5	128	3	7	452	9	588	0.0157772	0.0131316	0.00399956	0.043999	65.3333	8	44	68	
0.75	1	1	6	180	3	13	884	12	816	0.0198328	0.0080659	0.00999948	0.0369987	68	0	68	68	
0.75	1	1	7	109	3	2	88	2	88	0.00399993	0	0.00399993	0.00399993	44	0	44	44	
0.75	1	1	8	57	3	13	884	13	884	0.0179993	0.0105908	0.00499941	0.0409993	68	0	68	68	
0.75	1	1	9	1	3	13	884	13	884	0.0173069	0.00956888	0.00399941	0.0369992	68	0	68	68	
0.75	1	1	10	90	3	1	44	1	44	0.00399993	0	0.00399993	0.00399993	44	0	44	44	
0.75	1	1	11	190	3	13	884	14	952	0.0167133	0.0111588	0.00499922	0.0449981	68	0	68	68	
0.75	1	1	12	91	3	13	884	13	884	0.0195375	0.0111399	0.00499924	0.0409979	68	0	68	68	
0.75	1	1	13	77	3	2	88	2	88	0.00899993	0.00707107	0.00399993	0.0139999	44	0	44	44	
0.75	1	1	14	127	3	13	884	14	952	0.0162131	0.0109483	0.00499905	0.0429977	68	0	68	68	
0.75	1	1	15	111	3	13	884	12	816	0.0156655	0.00760743	0.00699896	0.0299981	68	0	68	68	
0.75	1	1	16	170	3	16	800	16	800	0.00399662	1.94236e-06	0.00399383	0.00399993	50	2.73252	48	57	
0.75	1	1	17	110	3	16	787	16	787	0.00599654	1.92714e-06	0.00599376	0.00599979	49.1875	1.32759	48	52	
0.75	1	1	18	54	3	16	793	16	793	0.00999646	1.90247e-06	0.00999369	0.00999963	49.5625	1.75	48	53	
0.75	1	1	19	80	3	16	791	16	791	0.0129964	1.88168e-06	0.0129936	0.0129995	49.4375	1.20934	48	52	
0.75	1	1	20	56	3	16	804	16	804	0.0109963	1.86077e-06	0.0109935	0.0109994	50.25	2.72029	48	59	
0.75	1	1	21	78	3	16	806	16	806	0.0119962	1.84268e-06	0.0119935	0.0119992	50.375	3.99792	48	64	
0.75	1	1	22	189	3	16	792	16	792	0.00499612	1.83756e-06	0.0049934	0.00499918	49.5	1.78885	48	54	
0.75	1	1	23	26	3	16	801	16	801	0.00899603	1.81332e-06	0.00899333	0.00899902	50.0625	2.95452	48	57	
0.75	1	1	24	129	3	16	790	16	790	0.00699595	1.78964e-06	0.00699326	0.00699887	49.375	1.5438	48	53	
0.75	1	1	25	156	3	16	792	16	792	0.00799588	1.78983e-06	0.00799319	0.00799879	49.5	1.8619	48	54	
0.75	1	1	26	140	3	4	689	4	689	0.00449982	0.00100002	0.00399976	0.00599985	172.25	48.1136	132	242	
0.75	1	1	27	181	3	5	844	5	844	0.00399982	3.22134e-08	0.00399977	0.00399985	168.8	36.711	133	223	
0.75	1	1	28	27	3	4	757	4	757	0.0039998	4.03856e-08	0.00399976	0.00399985	189.25	45.9447	133	241	
0.75	1	1	29	29	3	3	389	3	389	0.00699985	0.00519618	0.00399983	0.0129999	129.667	32.5628	96	161	
0.75	1	1	30	179	3	4	559	4	559	0.00499985	0.0014142	0.00399986	0.00699983	139.75	26.0944	112	163	
0.75	1	1	31	4	3	4	766	4	766	0.0052498	0.00250003	0.00399971	0.00899985	191.5	78.6617	124	292	
0.75	1	1	32	112	3	4	710	4	710	0.00424975	0.000499807	0.00399983	0.00499946	177.5	69.3854	132	280	
0.75	1	1	33	154	3	5	755	5	755	0.0039998	7.71071e-08	0.00399967	0.00399986	151	25.4264	122	191	
0.75	1	1	34	89	3	5	1111	5	1111	0.00399977	5.98273e-08	0.00399969	0.00399985	222.2	68.13	131	321	
0.75	1	1	35	2	3	5	854	5	854	0.00459979	0.00134164	0.00399964	0.00699978	170.8	30.2192	139	209	
0.75	1	1	36	168	3	8	4203	8	4203	0.0043189	0.00198181	0.00306625	0.00906806	525.375	596.283	54	1458	
0.75	1	1	38	192	3	2	1028	2	1028	0.00306972	5.72049e-07	0.00306931	0.00307012	514	650.538	54	974	
0.75	1	1	39	167	3	2	853	2	853	0.00307042	4.63155e-07	0.00307009	0.00307074	426.5	526.795	54	799	
0.75	1	1	40	194	3	8	4161	8	4161	0.00306813	1.43752e-06	0.00306625	0.00307004	520.125	598.077	54	1458	
0.75	1	1	42	191	3	2	353	2	353	0.00307099	1.52028e-07	0.00307088	0.0030711	176.5	173.241	54	299	
0.75	1	1	46	142	3	24	34992	14	20412	0.0749261	0.0286863	0.01907	0.10607	1458	0	1458	1458	
0.75	1	1	47	153	3	24	34992	14	20412	0.0748537	0.0282086	0.02007	0.108067	1458	0	1458	1458	
0.75	1	1	48	193	3	24	34992	14	20412	0.0770691	0.0292339	0.02007	0.11007	1458	0	1458	1458	
0.75	1	1	49	141	3	26	37908	16	23328	0.0810061	0.0296412	0.01807	0.127068	1458	0	1458	1458	
0.75	1	1	50	3	3	14	20412	15	21870	0.0724682	0.0232178	0.0250699	0.105066	1458	0	1458	1458	
