% start	end	CellId	IMSI	RNTI	LCID	nTxPDUs	TxBytes	nRxPDUs	RxBytes	delay	stdDev	min	max	PduSize	stdDev	min	max
0	0.25	1	1	126	3	5	340	0	0	0	0	0	0	0	0	0	0	
0	0.25	1	2	28	3	8	544	0	0	0	0	0	0	0	0	0	0	
0	0.25	1	3	182	3	1	68	0	0	0	0	0	0	0	0	0	0	
0	0.25	1	4	169	3	2	136	0	0	0	0	0	0	0	0	0	0	
0	0.25	1	5	128	3	5	340	0	0	0	0	0	0	0	0	0	0	
0	0.25	1	6	180	3	1	68	0	0	0	0	0	0	0	0	0	0	
0	0.25	1	7	109	3	6	408	0	0	0	0	0	0	0	0	0	0	
0	0.25	1	8	57	3	8	544	0	0	0	0	0	0	0	0	0	0	
0	0.25	1	9	1	3	8	544	0	0	0	0	0	0	0	0	0	0	
0	0.25	1	10	90	3	7	476	0	0	0	0	0	0	0	0	0	0	
0	0.25	1	12	91	3	7	476	0	0	0	0	0	0	0	0	0	0	
0	0.25	1	13	77	3	8	544	0	0	0	0	0	0	0	0	0	0	
0	0.25	1	14	127	3	5	340	0	0	0	0	0	0	0	0	0	0	
0	0.25	1	15	111	3	4	248	0	0	0	0	0	0	0	0	0	0	
0	0.25	1	17	110	3	8	399	0	0	0	0	0	0	0	0	0	0	
0	0.25	1	18	54	3	16	789	0	0	0	0	0	0	0	0	0	0	
0	0.25	1	19	80	3	16	790	0	0	0	0	0	0	0	0	0	0	
0	0.25	1	20	56	3	16	803	0	0	0	0	0	0	0	0	0	0	
0	0.25	1	21	78	3	16	789	0	0	0	0	0	0	0	0	0	0	
0	0.25	1	23	26	3	16	794	0	0	0	0	0	0	0	0	0	0	
0	0.25	1	24	129	3	8	405	0	0	0	0	0	0	0	0	0	0	
0	0.25	1	25	156	3	8	394	0	0	0	0	0	0	0	0	0	0	
0	0.25	1	26	140	3	2	158	0	0	0	0	0	0	0	0	0	0	
0	0.25	1	28	27	3	4	316	0	0	0	0	0	0	0	0	0	0	
0	0.25	1	29	29	3	4	334	0	0	0	0	0	0	0	0	0	0	
0	0.25	1	31	4	3	4	312	0	0	0	0	0	0	0	0	0	0	
0	0.25	1	32	112	3	3	239	0	0	0	0	0	0	0	0	0	0	
0	0.25	1	33	154	3	2	175	0	0	0	0	0	0	0	0	0	0	
0	0.25	1	34	89	3	3	227	0	0	0	0	0	0	0	0	0	0	
0	0.25	1	35	2	3	4	309	0	0	0	0	0	0	0	0	0	0	
0	0.25	1	37	155	3	1	58	0	0	0	0	0	0	0	0	0	0	
0	0.25	1	41	55	3	1	58	0	0	0	0	0	0	0	0	0	0	
0	0.25	1	43	92	3	1	58	0	0	0	0	0	0	0	0	0	0	
0	0.25	1	44	79	3	1	58	0	0	0	0	0	0	0	0	0	0	
0	0.25	1	45	139	3	1	58	0	0	0	0	0	0	0	0	0	0	
0	0.25	1	50	3	3	1	58	0	0	0	0	0	0	0	0	0	0	
0.25	0.5	1	1	126	3	9	588	14	928	0.166714	0.081251	0.0399286	0.292929	66.2857	6.41427	44	68	
0.25	0.5	1	2	28	3	12	816	20	1360	0.0986786	0.08673	0.0119286	0.257929	68	0	68	68	
0.25	0.5	1	3	182	3	12	816	0	0	0	0	0	0	0	0	0	0	
0.25	0.5	1	4	169	3	12	816	14	952	0.147429	0.0826091	0.0189286	0.275929	68	0	68	68	
0.25	0.5	1	5	128	3	5	316	10	656	0.208229	0.0586308	0.120929	0.295929	65.6	7.58947	44	68	
0.25	0.5	1	6	180	3	12	816	0	0	0	0	0	0	0	0	0	0	
0.25	0.5	1	7	109	3	12	816	18	1224	0.136706	0.0971261	0.00792857	0.296929	68	0	68	68	
0.25	0.5	1	8	57	3	12	816	20	1360	0.119529	0.0951925	0.00792857	0.285929	68	0	68	68	
0.25	0.5	1	9	1	3	12	816	20	1360	0.0838286	0.0777688	0.0119286	0.231929	68	0	68	68	
0.25	0.5	1	10	90	3	12	816	19	1292	0.132086	0.0983493	0.0129286	0.297929	68	0	68	68	
0.25	0.5	1	11	190	3	12	816	0	0	0	0	0	0	0	0	0	0	
0.25	0.5	1	12	91	3	6	384	13	860	0.183005	0.074323	0.0689286	0.297929	66.1538	6.6564	44	68	
0.25	0.5	1	13	77	3	12	816	20	1360	0.131729	0.101002	0.00492857	0.303929	68	0	68	68	
0.25	0.5	1	14	127	3	12	816	17	1156	0.141987	0.0948989	0.0129286	0.295929	68	0	68	68	
0.25	0.5	1	15	111	3	1	44	5	292	0.232529	0.0865667	0.0829286	0.299929	58.4	13.1453	44	68	
0.25	0.5	1	16	170	3	16	782	16	782	0.147991	0.0509319	0.0979286	0.197929	48.875	1.08781	48	52	
0.25	0.5	1	17	110	3	16	789	24	1188	0.142429	0.0796656	0.0459286	0.239929	49.5	2.37743	48	57	
0.25	0.5	1	18	54	3	16	789	32	1578	0.148272	0.103511	0.00792857	0.289929	49.3125	1.40132	48	53	
0.25	0.5	1	19	80	3	16	789	32	1579	0.169491	0.107333	0.0249286	0.313929	49.3438	1.53685	48	54	
0.25	0.5	1	20	56	3	16	790	32	1593	0.149647	0.103569	0.0129286	0.289929	49.7812	2.13624	48	57	
0.25	0.5	1	21	78	3	16	781	32	1570	0.169085	0.107325	0.0249286	0.313929	49.0625	1.91661	48	58	
0.25	0.5	1	22	189	3	16	781	0	0	0	0	0	0	0	0	0	0	
0.25	0.5	1	23	26	3	16	781	32	1575	0.125022	0.0930613	0.0129286	0.257929	49.2188	1.82694	48	54	
0.25	0.5	1	24	129	3	16	793	24	1198	0.160512	0.0804973	0.0629286	0.258929	49.9167	1.99819	48	55	
0.25	0.5	1	25	156	3	16	798	24	1192	0.186429	0.081273	0.0869286	0.284929	49.6667	1.90347	48	54	
0.25	0.5	1	26	140	3	6	500	8	658	0.145054	0.0968437	0.00692857	0.283929	82.25	7.94175	72	95	
0.25	0.5	1	27	181	3	6	493	0	0	0	0	0	0	0	0	0	0	
0.25	0.5	1	28	27	3	6	476	10	792	0.0908286	0.085901	0.00792857	0.238929	79.2	3.76534	72	84	
0.25	0.5	1	29	29	3	6	510	10	844	0.0949286	0.0878686	0.0119286	0.244929	84.4	9.10677	74	102	
0.25	0.5	1	30	179	3	7	587	0	0	0	0	0	0	0	0	0	0	
0.25	0.5	1	31	4	3	6	455	10	767	0.0829286	0.0807424	0.0119286	0.226929	76.7	6.27252	68	88	
0.25	0.5	1	32	112	3	6	464	9	703	0.13704	0.10083	0.0129286	0.289929	78.1111	4.37163	71	86	
0.25	0.5	1	33	154	3	6	445	8	620	0.142554	0.094951	0.0119286	0.279929	77.5	7.8011	70	91	
0.25	0.5	1	34	89	3	7	566	9	706	0.13204	0.0989336	0.0119286	0.281929	78.4444	5.93951	72	90	
0.25	0.5	1	35	2	3	6	502	10	811	0.0824286	0.0794149	0.0119286	0.223929	81.1	9.88208	71	101	
0.25	0.5	1	41	55	3	4	3716	4	3028	0.0606963	0.0810886	0.0119286	0.181929	757	809.447	54	1458	
0.25	0.5	1	43	92	3	2	508	3	566	0.083952	0.119509	0.0129286	0.221929	188.667	229.794	54	454	
0.25	0.5	1	44	79	3	2	408	3	466	0.078952	0.111726	0.0119286	0.207929	155.333	172.062	54	354	
0.25	0.5	1	45	139	3	1	54	1	58	0.265929	0	0.265929	0.265929	58	0	58	58	
0.25	0.5	1	50	3	3	10	540	11	598	0.0300195	0.0620845	0.00492857	0.216929	54.3636	1.20605	54	58	
0.5	0.75	1	1	126	3	2	88	1	44	0.0129286	0	0.0129286	0.0129286	44	0	44	44	
0.5	0.75	1	2	28	3	13	884	12	816	0.0124286	0.000522233	0.0119286	0.0129286	68	0	68	68	
0.5	0.75	1	3	182	3	13	884	25	1700	0.0863686	0.0872931	0.0119286	0.268929	68	0	68	68	
0.5	0.75	1	4	169	3	13	884	12	816	0.0132619	0.00137069	0.0119286	0.0159286	68	0	68	68	
0.5	0.75	1	5	128	3	2	88	2	88	0.0134286	0.000707107	0.0129286	0.0139286	44	0	44	44	
0.5	0.75	1	6	180	3	13	884	25	1700	0.0836086	0.0873993	0.00892857	0.266929	68	0	68	68	
0.5	0.75	1	7	109	3	12	792	12	792	0.0131786	0.00142223	0.0119286	0.0159286	66	6.9282	44	68	
0.5	0.75	1	8	57	3	13	884	12	816	0.0143452	0.00591544	0.0119286	0.0329286	68	0	68	68	
0.5	0.75	1	9	1	3	13	884	12	816	0.0142619	0.00589813	0.0119286	0.0329286	68	0	68	68	
0.5	0.75	1	10	90	3	13	884	12	816	0.0145119	0.00591544	0.0119286	0.0329286	68	0	68	68	
0.5	0.75	1	11	190	3	13	884	24	1632	0.0806786	0.0848027	0.0119286	0.256929	68	0	68	68	
0.5	0.75	1	12	91	3	5	316	4	248	0.0126786	0.000957427	0.0119286	0.0139286	62	12	44	68	
0.5	0.75	1	13	77	3	13	884	12	816	0.0125119	0.000668558	0.0119286	0.0139286	68	0	68	68	
0.5	0.75	1	14	127	3	13	884	12	816	0.0125119	0.000792961	0.0119286	0.0139286	68	0	68	68	
0.5	0.75	1	15	111	3	2	88	2	88	0.0129286	0.00141421	0.0119286	0.0139286	44	0	44	44	
0.5	0.75	1	16	170	3	24	1167	24	1167	0.0158869	0.0010417	0.0149286	0.0179286	48.625	1.24455	48	53	
0.5	0.75	1	17	110	3	24	1182	24	1182	0.0144702	0.00121509	0.0129286	0.0159286	49.25	2.04833	48	54	
0.5	0.75	1	18	54	3	24	1205	24	1205	0.0213452	0.00992983	0.0119286	0.0349286	50.2083	3.20298	48	62	
0.5	0.75	1	19	80	3	24	1215	24	1215	0.0144702	0.00121509	0.0129286	0.0159286	50.625	3.3468	48	61	
0.5	0.75	1	20	56	3	24	1171	24	1171	0.0135952	0.00140393	0.0119286	0.0159286	48.7917	1.10253	48	52	
0.5	0.75	1	21	78	3	24	1192	24	1192	0.0141369	0.00125036	0.0129286	0.0159286	49.6667	2.9879	48	61	
0.5	0.75	1	22	189	3	24	1188	40	1969	0.0764286	0.0820725	0.0119286	0.217929	49.225	2.33686	48	61	
0.5	0.75	1	23	26	3	24	1208	24	1208	0.0134702	0.00121509	0.0119286	0.0149286	50.3333	2.8233	48	60	
0.5	0.75	1	24	129	3	24	1181	24	1181	0.0203869	0.00925475	0.0119286	0.0339286	49.2083	1.14129	48	52	
0.5	0.75	1	25	156	3	24	1205	24	1205	0.0145952	0.00163299	0.0119286	0.0169286	50.2083	2.66995	48	59	
0.5	0.75	1	26	140	3	7	541	6	460	0.0129286	0.00109545	0.0119286	0.0139286	76.6667	4.80278	69	82	
0.5	0.75	1	27	181	3	7	561	12	973	0.0776786	0.0849044	0.0119286	0.242929	81.0833	6.84183	69	92	
0.5	0.75	1	28	27	3	6	472	6	472	0.0134286	0.000547723	0.0129286	0.0139286	78.6667	5.31664	71	85	
0.5	0.75	1	29	29	3	6	475	6	475	0.0147619	0.00371035	0.0119286	0.0199286	79.1667	8.23205	70	88	
0.5	0.75	1	30	179	3	6	507	12	1018	0.0802619	0.0869643	0.00892857	0.247929	84.8333	10.9281	71	108	
0.5	0.75	1	31	4	3	7	567	6	478	0.0157619	0.00633772	0.0119286	0.0269286	79.6667	5.57375	73	89	
0.5	0.75	1	32	112	3	6	474	6	474	0.0154286	0.00504975	0.0119286	0.0219286	79	6.60303	69	86	
0.5	0.75	1	33	154	3	6	481	6	481	0.0120952	0.000408248	0.0119286	0.0129286	80.1667	8.56543	70	91	
0.5	0.75	1	34	89	3	6	458	7	545	0.0143571	0.00198806	0.0119286	0.0169286	77.8571	5.20988	72	87	
0.5	0.75	1	35	2	3	7	579	6	486	0.0125952	0.0010328	0.0119286	0.0139286	81	8.02496	74	93	
0.5	0.75	1	36	168	3	2	112	1	58	0.0149286	0	0.0149286	0.0149286	58	0	58	58	
0.5	0.75	1	37	155	3	3	662	3	662	0.0122854	0.000558149	0.0119286	0.0129286	220.667	288.675	54	554	
0.5	0.75	1	38	192	3	2	112	2	112	0.0119286	7.07107e-10	0.0119286	0.0119286	56	2.82843	54	58	
0.5	0.75	1	39	167	3	2	112	2	112	0.0134286	0.00212132	0.0119286	0.0149286	56	2.82843	54	58	
0.5	0.75	1	40	194	3	2	112	2	112	0.0119286	7.07107e-10	0.0119286	0.0119286	56	2.82843	54	58	
0.5	0.75	1	41	55	3	4	216	5	962	0.0133286	0.00630872	0.00692857	0.0239286	192.4	309.472	54	746	
0.5	0.75	1	42	191	3	2	112	2	112	0.0119286	7.07107e-10	0.0119286	0.0119286	56	2.82843	54	58	
0.5	0.75	1	43	92	3	1	54	1	54	0.0119286	0	0.0119286	0.0119286	54	0	54	54	
0.5	0.75	1	44	79	3	1	54	1	54	0.0119286	0	0.0119286	0.0119286	54	0	54	54	
0.5	0.75	1	45	139	3	2	508	3	562	0.0119524	4.11934e-05	0.0119286	0.0119999	187.333	230.94	54	454	
0.5	0.75	1	46	142	3	6	328	5	274	0.0111286	0.00178885	0.00792857	0.0119286	54.8	1.78885	54	58	
0.5	0.75	1	47	153	3	6	328	5	274	0.0111286	0.00178885	0.00792857	0.0119286	54.8	1.78885	54	58	
0.5	0.75	1	48	193	3	6	328	5	274	0.0111286	0.00178885	0.00792857	0.0119286	54.8	1.78885	54	58	
0.5	0.75	1	49	141	3	6	328	6	328	0.0104286	0.00234521	0.00692857	0.0119286	54.6667	1.63299	54	58	
0.5	0.75	1	50	3	3	17	918	17	918	0.0172227	0.00417978	0.0109286	0.0219286	54	0	54	54	
0.75	1	1	1	126	3	1	44	2	88	0.0129286	0	0.0129286	0.0129286	44	0	44	44	
0.75	1	1	2	28	3	12	816	13	884	0.0119286	0	0.0119286	0.0119286	68	0	68	68	
0.75	1	1	3	182	3	12	816	13	884	0.017544	0.0120591	0.0119286	0.0529286	68	0	68	68	
0.75	1	1	4	169	3	12	816	13	884	0.0142363	0.00564778	0.0119286	0.0329286	68	0	68	68	
0.75	1	1	5	128	3	2	88	2	88	0.0129286	0	0.0129286	0.0129286	44	0	44	44	
0.75	1	1	6	180	3	12	816	13	884	0.0143901	0.00573898	0.0119286	0.0329286	68	0	68	68	
0.75	1	1	7	109	3	1	44	1	44	0.0119286	0	0.0119286	0.0119286	44	0	44	44	
0.75	1	1	8	57	3	12	816	13	884	0.0120824	0.000375534	0.0119286	0.0129286	68	0	68	68	
0.75	1	1	9	1	3	5	316	6	384	0.0122619	0.000816497	0.0119286	0.0139286	64	9.79796	44	68	
0.75	1	1	10	90	3	12	816	13	884	0.0123901	0.000518875	0.0119286	0.0129286	68	0	68	68	
0.75	1	1	11	190	3	12	816	13	884	0.012467	0.00077625	0.0119286	0.0139286	68	0	68	68	
0.75	1	1	12	91	3	9	588	10	656	0.0125286	0.000516398	0.0119286	0.0129286	65.6	7.58947	44	68	
0.75	1	1	13	77	3	12	816	13	884	0.0121593	0.000438529	0.0119286	0.0129286	68	0	68	68	
0.75	1	1	14	127	3	12	816	13	884	0.0127747	0.000375534	0.0119286	0.0129286	68	0	68	68	
0.75	1	1	15	111	3	8	544	8	544	0.0124286	0.000534522	0.0119286	0.0129286	68	0	68	68	
0.75	1	1	16	170	3	16	790	16	790	0.0146786	0.001	0.0139286	0.0159286	49.375	1.45488	48	53	
0.75	1	1	17	110	3	16	785	16	785	0.0136786	0.001	0.0129286	0.0149286	49.0625	1.56924	48	53	
0.75	1	1	18	54	3	16	803	16	803	0.0148036	0.0015438	0.0119286	0.0169286	50.1875	2.94887	48	60	
0.75	1	1	19	80	3	16	780	16	780	0.0133661	0.00131498	0.0119286	0.0149286	48.75	1.06458	48	51	
0.75	1	1	20	56	3	16	805	16	805	0.0130536	0.0015	0.0119286	0.0149286	50.3125	2.96015	48	57	
0.75	1	1	21	78	3	16	786	16	786	0.0130536	0.0015	0.0119286	0.0149286	49.125	1.20416	48	52	
0.75	1	1	22	189	3	16	793	16	793	0.0148661	0.00128938	0.0139286	0.0169286	49.5625	1.26326	48	52	
0.75	1	1	23	26	3	16	797	16	797	0.0138661	0.00152616	0.0119286	0.0159286	49.8125	2.68871	48	58	
0.75	1	1	24	129	3	16	795	16	795	0.0136786	0.001	0.0129286	0.0149286	49.6875	2.49583	48	55	
0.75	1	1	25	156	3	16	797	16	797	0.0144286	0.0011547	0.0129286	0.0159286	49.8125	2.45544	48	55	
0.75	1	1	26	140	3	6	489	7	570	0.0119286	0	0.0119286	0.0119286	81.4286	4.11733	74	87	
0.75	1	1	27	181	3	6	464	7	545	0.0119286	0	0.0119286	0.0119286	77.8571	4.45079	73	85	
0.75	1	1	28	27	3	7	567	6	487	0.0129286	0	0.0129286	0.0129286	81.1667	5.15429	75	87	
0.75	1	1	29	29	3	7	581	6	503	0.0119286	0	0.0119286	0.0119286	83.8333	9.62116	70	97	
0.75	1	1	30	179	3	6	487	7	563	0.0122143	0.000755929	0.0119286	0.0139286	80.4286	11.8442	67	100	
0.75	1	1	31	4	3	6	462	7	551	0.0119286	0	0.0119286	0.0119286	78.7143	6.72593	70	89	
0.75	1	1	32	112	3	7	545	6	474	0.0119286	0	0.0119286	0.0119286	79	8.85438	69	92	
0.75	1	1	33	154	3	6	476	6	476	0.0120952	0.000408248	0.0119286	0.0129286	79.3333	5.42832	70	86	
0.75	1	1	34	89	3	6	500	6	500	0.0119286	0	0.0119286	0.0119286	83.3333	8.80152	75	96	
0.75	1	1	35	2	3	6	479	7	572	0.0119286	0	0.0119286	0.0119286	81.7143	8.82637	73	95	
0.75	1	1	36	168	3	7	3478	8	3532	0.0130624	0.00482767	0.00592857	0.0189286	441.5	635.435	54	1458	
0.75	1	1	38	192	3	2	908	2	908	0.0129642	0.0014646	0.0119286	0.0139998	454	565.685	54	854	
0.75	1	1	39	167	3	2	708	2	708	0.0134642	0.00217177	0.0119286	0.0149999	354	424.264	54	654	
0.75	1	1	40	194	3	7	3378	7	3378	0.0130816	0.00636935	0.00492857	0.0199286	482.571	670.023	54	1458	
0.75	1	1	42	191	3	2	308	2	308	0.0119642	5.04514e-05	0.0119286	0.0119999	154	141.421	54	254	
0.75	1	1	46	142	3	11	594	12	648	0.0120952	0.000389249	0.0119286	0.0129286	54	0	54	54	
0.75	1	1	47	153	3	11	594	12	648	0.0120952	0.00057735	0.0119286	0.0139286	54	0	54	54	
0.75	1	1	48	193	3	11	594	11	594	0.0119286	0	0.0119286	0.0119286	54	0	54	54	
0.75	1	1	49	141	3	12	648	10	540	0.0122286	0.000483046	0.0119286	0.0129286	54	0	54	54	
0.75	1	1	50	3	3	15	810	13	702	0.0120824	0.000375534	0.0119286	0.0129286	54	0	54	54	
