% start	end	CellId	IMSI	RNTI	LCID	nTxPDUs	TxBytes	nRxPDUs	RxBytes	delay	stdDev	min	max	PduSize	stdDev	min	max
0	20	1	1	327	3	676	45200	673	44996	0.0593565	0.0347387	0.00399821	0.145	66.8588	5.1112	44	68	
0	20	1	2	550	3	501	32700	500	32632	0.0558267	0.0365689	0.00399991	0.149	65.264	7.63511	44	68	
0	20	1	3	133	3	449	28972	449	28972	0.0542151	0.036687	0.00399991	0.148999	64.5256	8.45418	44	68	
0	20	1	4	521	3	634	42200	630	41928	0.0596877	0.0350574	0.00399991	0.153	66.5524	5.71832	44	68	
0	20	1	5	53	3	725	48700	721	48428	0.0603496	0.0343403	0.00399948	0.15	67.1678	4.39392	44	68	
0	20	1	6	2	3	501	32700	499	32564	0.0577081	0.0364682	0.00399836	0.143999	65.2585	7.64179	44	68	
0	20	1	7	55	3	663	44268	663	44268	0.0606851	0.0343355	0.00399947	0.141999	66.7692	5.29774	44	68	
0	20	1	8	503	3	569	37540	569	37540	0.0583708	0.0353296	0.00399991	0.128998	65.9754	6.67606	44	68	
0	20	1	9	297	3	453	29268	453	29268	0.0546477	0.0370773	0.00399991	0.148999	64.6093	8.36869	44	68	
0	20	1	10	119	3	475	30836	475	30836	0.0551713	0.0364977	0.00399991	0.144998	64.9179	8.03786	44	68	
0	20	1	11	575	3	509	33268	509	33268	0.0571401	0.0365627	0.00399813	0.150998	65.3595	7.51733	44	68	
0	20	1	12	242	3	756	50904	756	50904	0.0610525	0.0342136	0.00399984	0.144999	67.3333	3.94666	44	68	
0	20	1	13	430	3	395	25108	395	25108	0.0533711	0.0381067	0.00399873	0.143999	63.5646	9.32726	44	68	
0	20	1	14	191	3	445	28676	445	28676	0.0563472	0.0374535	0.00399991	0.152999	64.4404	8.53948	44	68	
0	20	1	15	364	3	557	36700	552	36360	0.0583842	0.0356957	0.00399722	0.143999	65.8696	6.832	44	68	
0	20	1	16	523	3	550	36200	547	35996	0.0583055	0.0360553	0.00399862	0.144998	65.8062	6.92284	44	68	
0	20	1	17	244	3	685	45836	685	45836	0.0601674	0.0347237	0.00399787	0.146998	66.9139	4.99238	44	68	
0	20	1	18	298	3	515	33700	514	33632	0.0565843	0.0365262	0.00399991	0.149998	65.4319	7.42606	44	68	
0	20	1	19	504	3	432	27768	432	27768	0.0544943	0.0370145	0.00399984	0.149998	64.2778	8.6979	44	68	
0	20	1	20	229	3	540	35472	540	35472	0.0569817	0.0356911	0.00399824	0.143998	65.6889	7.0865	44	68	
0	20	1	21	120	3	340	21200	338	21064	0.0498924	0.0385428	0.00399979	0.145996	62.3195	10.2163	44	68	
0	20	1	22	158	3	214	12200	211	11996	0.0365396	0.0386624	0.00399974	0.144998	56.8531	11.9981	44	68	
0	20	1	23	67	3	634	42200	633	42132	0.0598657	0.0352989	0.00399991	0.144998	66.5592	5.7056	44	68	
0	20	1	24	211	3	296	18040	296	18040	0.0467358	0.0380115	0.00399991	0.139998	60.9459	10.9518	44	68	
0	20	1	25	150	3	501	32700	496	32360	0.0571154	0.0367409	0.00399547	0.143998	65.2419	7.66192	44	68	
0	20	1	26	27	3	536	35176	536	35176	0.0587114	0.0361933	0.0039997	0.147998	65.6269	7.17073	44	68	
0	20	1	27	26	3	498	32472	498	32472	0.0573983	0.03667	0.0039957	0.146998	65.2048	7.70653	44	68	
0	20	1	28	261	3	454	29336	454	29336	0.0562671	0.037412	0.00399984	0.149997	64.6167	8.36097	44	68	
0	20	1	29	469	3	585	38700	581	38428	0.0586658	0.0355719	0.00399991	0.152997	66.1411	6.42093	44	68	
0	20	1	30	283	3	732	49200	729	48996	0.0615989	0.0344897	0.00399993	0.145998	67.2099	4.28531	44	68	
0	20	1	31	19	3	627	41700	621	41292	0.0601275	0.0350043	0.00399991	0.144998	66.4928	5.82725	44	68	
0	20	1	32	405	3	603	39972	603	39972	0.0588425	0.035425	0.00399746	0.151997	66.2886	6.18134	44	68	
0	20	1	33	451	3	375	23700	375	23700	0.052404	0.0384839	0.00399991	0.149997	63.2	9.61283	44	68	
0	20	1	34	565	3	536	35200	534	35064	0.0571333	0.0361267	0.00399967	0.144994	65.6629	7.122	44	68	
0	20	1	35	571	3	438	28200	437	28132	0.0549317	0.0376706	0.00399952	0.147994	64.3753	8.60372	44	68	
0	20	1	36	25	3	542	35632	536	35224	0.0566462	0.0354462	0.00399984	0.120999	65.7164	7.04868	44	68	
0	20	1	37	295	3	539	35404	539	35404	0.0565922	0.0359949	0.00399726	0.146997	65.6846	7.09238	44	68	
0	20	1	38	16	3	370	23336	370	23336	0.05205	0.0380965	0.00399984	0.145997	63.0703	9.70907	44	68	
0	20	1	39	403	3	583	38540	583	38540	0.057909	0.0355169	0.00399717	0.149997	66.1063	6.47562	44	68	
0	20	1	40	328	3	178	9632	173	9292	0.0294899	0.0380946	0.00399991	0.145993	53.711	11.8139	44	68	
0	20	1	41	552	3	625	41540	625	41540	0.0589887	0.0351762	0.00399984	0.150996	66.464	5.87878	44	68	
0	20	1	42	262	3	475	30836	475	30836	0.0568235	0.03715	0.00399979	0.150996	64.9179	8.03786	44	68	
0	20	1	43	14	3	383	24268	383	24268	0.0525939	0.03815	0.00399632	0.143996	63.3629	9.48801	44	68	
0	20	1	44	350	3	360	22632	356	22360	0.0512539	0.0387335	0.00399991	0.148992	62.809	9.89509	44	68	
0	20	1	45	282	3	561	36996	558	36792	0.0580252	0.0357604	0.003999	0.144996	65.9355	6.73554	44	68	
0	20	1	46	194	3	547	27139	547	27139	0.0599086	0.0332328	0.00399284	0.118	49.6143	2.13535	48	63	
0	20	1	47	485	3	544	26955	541	26804	0.0614861	0.0331844	0.00699338	0.125	49.5453	2.22866	48	70	
0	20	1	48	312	3	536	26573	536	26573	0.0633115	0.0334113	0.00699285	0.141	49.5765	2.15513	48	63	
0	20	1	49	21	3	537	26678	537	26678	0.0614598	0.0333983	0.00599334	0.120999	49.6797	2.40138	48	65	
0	20	1	50	94	3	536	26566	536	26566	0.0642665	0.0334609	0.00499526	0.133999	49.5634	2.11176	48	64	
0	20	1	51	28	3	534	26458	534	26458	0.0607824	0.0333522	0.00499272	0.120999	49.5468	2.00951	48	59	
0	20	1	52	468	3	531	26316	528	26168	0.0620261	0.0331537	0.00499327	0.121999	49.5606	2.56456	48	69	
0	20	1	53	314	3	531	26316	531	26316	0.0622707	0.0334513	0.00699297	0.142999	49.5593	2.1266	48	62	
0	20	1	54	382	3	534	26507	534	26507	0.0616267	0.0335432	0.00499319	0.122998	49.6386	2.13575	48	63	
0	20	1	55	208	3	528	26095	528	26095	0.0598838	0.0333319	0.00399315	0.118999	49.4223	2.02958	48	62	
0	20	1	56	111	3	532	26341	532	26341	0.0616101	0.0338242	0.00499281	0.140998	49.5132	2.35179	48	65	
0	20	1	57	118	3	524	25945	524	25945	0.0606252	0.0337	0.00599246	0.142998	49.5134	2.2666	48	64	
0	20	1	58	82	3	520	25724	520	25724	0.0634819	0.0332486	0.00699269	0.118998	49.4692	1.99591	48	60	
0	20	1	59	209	3	518	25618	518	25618	0.06053	0.0331675	0.00499286	0.119998	49.4556	2.00216	48	59	
0	20	1	60	243	3	513	25418	513	25418	0.0626891	0.0330403	0.00699279	0.125998	49.5478	2.19333	48	65	
0	20	1	61	159	3	503	24926	503	24926	0.0610508	0.0334503	0.00599279	0.122998	49.5547	2.18025	48	66	
0	20	1	62	109	3	494	24475	494	24475	0.061572	0.0337687	0.00499394	0.138998	49.5445	2.18724	48	68	
0	20	1	63	551	3	473	23478	470	23321	0.0634505	0.0340653	0.00499411	0.139998	49.6191	2.34763	48	64	
0	20	1	64	563	3	455	22630	452	22475	0.0619575	0.0338167	0.003992	0.142997	49.7235	2.65806	48	66	
0	20	1	65	429	3	430	21324	427	21173	0.0611334	0.0329115	0.00599324	0.119997	49.5855	2.34252	48	70	
0	20	1	66	148	3	414	20469	414	20469	0.0621184	0.0341668	0.00799234	0.151997	49.442	2.01814	48	68	
0	20	1	67	263	3	405	20025	405	20025	0.0617137	0.0334512	0.00599226	0.131997	49.4444	2.47462	48	82	
0	20	1	68	131	3	408	20196	408	20196	0.0602917	0.0340371	0.00699404	0.146997	49.5	2.52846	48	69	
0	20	1	69	56	3	401	19846	401	19846	0.0634315	0.033402	0.00499407	0.124997	49.4913	2.06895	48	63	
0	20	1	70	95	3	393	19543	393	19543	0.0638322	0.0335494	0.00599272	0.134997	49.7277	2.26659	48	67	
0	20	1	71	68	3	374	18497	374	18497	0.0624015	0.0334885	0.00599392	0.125997	49.4572	2.00322	48	62	
0	20	1	72	385	3	367	18145	367	18145	0.0612157	0.0333826	0.00599357	0.120996	49.4414	2.12871	48	61	
0	20	1	73	363	3	365	18031	365	18031	0.0650388	0.0337895	0.00699337	0.152996	49.4	1.99973	48	61	
0	20	1	74	117	3	369	18326	369	18326	0.0608457	0.0338496	0.00499393	0.141996	49.664	2.31743	48	70	
0	20	1	75	570	3	371	18367	369	18265	0.0638131	0.0333081	0.00599336	0.146996	49.4986	2.12532	48	65	
0	20	1	76	365	3	309	54454	309	54454	0.0614528	0.0344013	0.00399958	0.123	176.227	49.5596	84	343	
0	20	1	77	448	3	312	52652	310	52332	0.0605288	0.0343374	0.0039995	0.124	168.813	47.2437	96	520	
0	20	1	78	3	3	309	53359	308	53171	0.061464	0.0328721	0.00399976	0.134	172.633	45.162	93	330	
0	20	1	79	280	3	311	53826	310	53690	0.0599255	0.0336942	0.00399982	0.153	173.194	45.3082	82	398	
0	20	1	80	149	3	311	54163	311	54163	0.060183	0.0334747	0.00399978	0.144	174.158	48.4201	83	387	
0	20	1	81	172	3	312	54374	311	54161	0.0602538	0.0343585	0.00399959	0.146	174.151	49.3074	93	391	
0	20	1	82	538	3	310	52050	308	51796	0.0632498	0.0341721	0.00399984	0.13	168.169	43.9285	87	361	
0	20	1	83	449	3	306	52461	304	52136	0.0622004	0.0341544	0.00399977	0.144	171.5	41.7391	66	364	
0	20	1	84	576	3	314	54591	312	54316	0.0616023	0.0343554	0.00399964	0.144	174.09	47.7198	86	411	
0	20	1	85	20	3	309	53541	308	53374	0.0648374	0.0343366	0.0039998	0.153	173.292	45.4171	88	332	
0	20	1	86	161	3	312	53992	311	53782	0.0596364	0.0332068	0.00399986	0.128	172.932	46.2801	82	330	
0	20	1	87	432	3	310	53222	308	52937	0.0600679	0.0329409	0.00399964	0.149	171.873	42.3581	86	355	
0	20	1	88	15	3	312	52511	311	52353	0.062048	0.0336977	0.00399983	0.134	168.338	42.4336	85	337	
0	20	1	89	351	3	311	53224	311	53224	0.060331	0.0332189	0.00499951	0.139	171.138	47.3938	82	370	
0	20	1	90	39	3	312	54147	310	53796	0.061532	0.0330984	0.00399984	0.126	173.535	48.4059	91	365	
0	20	1	91	281	3	316	55417	316	55417	0.0642339	0.0331676	0.0039996	0.144	175.37	44.6017	89	313	
0	20	1	92	81	3	307	53300	306	53156	0.0623854	0.0338433	0.00399946	0.141	173.712	48.3445	93	402	
0	20	1	93	540	3	310	53852	308	53538	0.0620809	0.0331892	0.00399952	0.138	173.825	50.5835	87	458	
0	20	1	94	470	3	310	52368	308	51933	0.0591946	0.0336702	0.00399936	0.122	168.614	38.8042	80	314	
0	20	1	95	404	3	309	52206	309	52206	0.0599221	0.0332982	0.00399976	0.142	168.951	43.9284	83	360	
0	20	1	96	1	3	308	52755	307	52497	0.0641431	0.0322673	0.00399964	0.121999	171	45.958	92	454	
0	20	1	97	564	3	311	54294	309	53975	0.0588024	0.0331689	0.00399978	0.137999	174.676	43.9578	85	322	
0	20	1	98	192	3	312	54005	311	53858	0.0636686	0.0329767	0.00399967	0.132	173.177	45.8832	85	388	
0	20	1	99	38	3	311	53017	310	52897	0.0581223	0.0338264	0.00399978	0.126	170.635	48.0531	90	372	
0	20	1	100	329	3	311	51893	311	51893	0.0629162	0.0337468	0.00399965	0.137	166.859	42.8635	84	381	
0	20	1	101	134	3	303	52898	302	52742	0.0631951	0.03342	0.00399979	0.145	174.642	45.0668	89	370	
0	20	1	102	40	3	311	54509	310	54343	0.0638062	0.0331799	0.00399965	0.134	175.3	44.3845	81	342	
0	20	1	103	70	3	313	54706	312	54548	0.061128	0.0328359	0.00399958	0.134	174.833	45.5191	93	366	
0	20	1	104	539	3	310	53639	308	53309	0.0617952	0.0335788	0.00399978	0.139	173.081	46.438	83	370	
0	20	1	105	260	3	313	52884	313	52884	0.0623991	0.0334889	0.00399947	0.15	168.958	46.2729	87	426	
0	20	1	106	147	3	11	6052	11	6052	0.0763427	0.0747389	0.0030697	0.231069	550.182	653.349	54	1458	
0	20	1	107	170	3	3	698	3	698	0.0930705	0.054562	0.0370703	0.14607	232.667	306.002	54	586	
0	20	1	108	160	3	3	507	3	507	0.0920705	0.0561072	0.0340702	0.146071	169	195.732	54	395	
0	20	1	109	228	3	5	1044	5	1044	0.0554707	0.0569323	0.00307069	0.13607	208.8	211.015	54	466	
0	20	1	110	505	3	3	414	3	414	0.112737	0.026652	0.093071	0.143071	138	142.042	54	302	
0	20	1	111	132	3	5	1253	5	1253	0.0524706	0.0605501	0.00306943	0.14007	250.6	269.759	54	594	
0	20	1	112	362	3	3	677	3	677	0.103737	0.0352326	0.0750701	0.14307	225.667	293.878	54	565	
0	20	1	113	226	3	7	1426	7	1426	0.0396412	0.0521152	0.00306601	0.13407	203.714	197.962	54	506	
0	20	1	114	384	3	3	655	3	655	0.103737	0.0317857	0.08107	0.14007	218.333	281.177	54	543	
0	20	1	115	566	3	3	489	3	489	0.119404	0.025166	0.0960709	0.146071	163	185.34	54	377	
0	20	1	116	487	3	3	447	3	447	0.113071	0.0285831	0.0960707	0.14607	149	161.093	54	335	
0	20	1	117	431	3	3	928	3	928	0.10907	0.0314322	0.0870704	0.14507	309.333	438.791	54	816	
0	20	1	118	450	3	5	2397	5	2397	0.10887	0.0221962	0.0910703	0.146069	479.4	629.16	54	1458	
0	20	1	119	4	3	5	2551	5	2551	0.09427	0.0539641	0.00307111	0.142068	510.2	650.532	54	1458	
0	20	1	120	502	3	5	1143	5	1143	0.0694705	0.0637753	0.00307028	0.14607	228.6	275.31	54	686	
0	20	1	121	467	3	5	918	5	918	0.0682708	0.0631324	0.00307069	0.146071	183.6	177.187	54	409	
0	20	1	122	193	3	3	406	3	406	0.0947365	0.0520121	0.0420701	0.146069	135.333	137.424	54	294	
0	20	1	123	573	3	3	391	3	391	0.117737	0.0250265	0.0920708	0.142071	130.333	128.765	54	279	
0	20	1	124	296	3	5	1858	5	1858	0.0598704	0.0587518	0.00306911	0.140071	371.6	587.768	54	1408	
0	20	1	125	227	3	5	1365	5	1365	0.0544701	0.0559851	0.00306843	0.13407	273	311.806	54	729	
0	20	1	126	572	3	15	7454	15	7454	0.10487	0.069959	0.00307004	0.218069	496.933	551.138	54	1458	
0	20	1	127	171	3	3	699	3	699	0.0934038	0.0540496	0.03807	0.14607	233	306.58	54	587	
0	20	1	128	97	3	3	515	3	515	0.0857375	0.0651176	0.016071	0.145071	171.667	200.351	54	403	
0	20	1	129	17	3	3	582	3	582	0.0787369	0.0677143	0.00607095	0.140069	194	239.031	54	470	
0	20	1	130	349	3	5	1113	5	1113	0.105471	0.0276821	0.0720703	0.145071	222.6	229.124	54	482	
0	20	1	131	22	3	3	788	3	788	0.0800705	0.0671785	0.00807087	0.14107	262.667	357.963	54	676	
0	20	1	132	110	3	3	1099	3	1099	0.0867371	0.0635159	0.0190708	0.14507	366.333	537.517	54	987	
0	20	1	133	352	3	3	898	3	898	0.102737	0.0352323	0.0740699	0.14207	299.333	421.47	54	786	
0	20	1	134	41	3	3	648	3	648	0.0817374	0.0661084	0.0110707	0.14207	216	277.135	54	536	
0	20	1	135	313	3	5	1793	5	1793	0.0604704	0.0588068	0.00307063	0.14007	358.6	476.165	54	1143	
0	20	1	136	520	3	246	355864	230	332536	0.386178	0.130423	0.0780695	0.555069	1445.81	130.452	54	1458	
0	20	1	137	577	3	246	355864	230	332536	0.386182	0.130269	0.0760698	0.553069	1445.81	130.452	54	1458	
0	20	1	138	488	3	246	355864	230	332536	0.386251	0.130356	0.08107	0.556069	1445.81	130.452	54	1458	
0	20	1	139	553	3	246	355864	230	332536	0.38616	0.130366	0.0780693	0.552069	1445.81	130.452	54	1458	
0	20	1	140	54	3	248	358780	232	335452	0.386077	0.130627	0.0109989	0.557069	1445.91	129.891	54	1458	
0	20	1	141	83	3	248	358780	232	335452	0.386314	0.130541	0.0229988	0.557069	1445.91	129.891	54	1458	
0	20	1	142	245	3	246	355864	232	335452	0.386349	0.130176	0.0779985	0.561069	1445.91	129.891	54	1458	
0	20	1	143	326	3	246	355864	232	335452	0.386168	0.130207	0.0800693	0.55307	1445.91	129.891	54	1458	
0	20	1	144	383	3	246	355864	232	335452	0.386608	0.129847	0.0780685	0.555068	1445.91	129.891	54	1458	
0	20	1	145	522	3	246	355864	230	332536	0.38619	0.130221	0.0790699	0.554069	1445.81	130.452	54	1458	
0	20	1	146	69	3	248	358780	232	335452	0.386189	0.130576	0.0169975	0.555068	1445.91	129.891	54	1458	
0	20	1	147	210	3	246	355864	232	335452	0.386418	0.130157	0.0689973	0.556068	1445.91	129.891	54	1458	
0	20	1	148	169	3	248	358780	232	335452	0.38659	0.130303	0.0589971	0.557069	1445.91	129.891	54	1458	
0	20	1	149	108	3	248	358780	232	335452	0.38656	0.130505	0.0389968	0.556068	1445.91	129.891	54	1458	
0	20	1	150	96	3	248	358780	232	335452	0.386581	0.130484	0.0369965	0.555069	1445.91	129.891	54	1458	
0	20	1	151	486	3	7	252	7	252	0.0315626	0.0291666	0.0039629	0.0809841	36	1.41421	33	37	
0	20	1	152	537	3	7	252	7	252	0.0298483	0.0255139	0.0039629	0.0659842	36	1.41421	33	37	
0	20	1	153	406	3	7	252	7	252	0.0315626	0.0274358	0.0039629	0.0719843	36	1.41421	33	37	
0	20	1	154	311	3	7	252	7	252	0.033134	0.0297183	0.0039629	0.079984	36	1.41421	33	37	
0	20	1	155	84	3	7	252	7	252	0.0322769	0.028088	0.0039629	0.0729841	36	1.41421	33	37	
