% start	end	CellId	IMSI	RNTI	LCID	nTxPDUs	TxBytes	nRxPDUs	RxBytes	delay	stdDev	min	max	PduSize	stdDev	min	max
0	20	1	1	327	3	823	55700	823	55700	0.0151388	0.00173087	0.0119286	0.0209286	67.6792	2.75772	44	68	
0	20	1	2	550	3	529	34676	529	34676	0.0124503	0.000967267	0.0119286	0.0199286	65.5501	7.27294	44	68	
0	20	1	3	133	3	655	43700	655	43700	0.0139316	0.00133981	0.00492857	0.0249286	66.7176	5.40171	44	68	
0	20	1	4	521	3	751	50540	751	50540	0.0123387	0.000894191	0.0119286	0.0189286	67.2969	4.04982	44	68	
0	20	1	5	53	3	542	35608	542	35608	0.0136075	0.00106892	0.0119286	0.0229286	65.6974	7.07478	44	68	
0	20	1	6	2	3	438	28200	438	28200	0.013061	0.000987704	0.0119286	0.0209286	64.3836	8.59561	44	68	
0	20	1	7	55	3	474	30768	474	30768	0.0137577	0.00107554	0.0119286	0.0229286	64.9114	8.0451	44	68	
0	20	1	8	503	3	340	21200	340	21200	0.0123197	0.000954687	0.0119286	0.0189286	62.3529	10.1954	44	68	
0	20	1	9	297	3	474	30768	474	30768	0.014994	0.00165463	0.0119286	0.0199286	64.9114	8.0451	44	68	
0	20	1	10	119	3	433	27836	433	27836	0.0138039	0.00126497	0.0119286	0.0239286	64.2864	8.68967	44	68	
0	20	1	11	575	3	665	44404	665	44404	0.0130474	0.000973764	0.0119286	0.0209286	66.7729	5.29018	44	68	
0	20	1	12	242	3	343	21404	343	21404	0.0147099	0.00146159	0.0119286	0.0189286	62.4023	10.1642	44	68	
0	20	1	13	430	3	587	38836	587	38836	0.0137412	0.00217862	0.0119286	0.0209286	66.1601	6.39071	44	68	
0	20	1	14	191	3	531	34836	531	34836	0.0141998	0.00129071	0.0119286	0.0179286	65.6045	7.20075	44	68	
0	20	1	15	364	3	635	42268	635	42268	0.0154735	0.00179267	0.0119286	0.0209286	66.5638	5.69716	44	68	
0	20	1	16	523	3	550	36200	550	36200	0.0123668	0.000930556	0.0119286	0.0199286	65.8182	6.9058	44	68	
0	20	1	17	244	3	474	30768	474	30768	0.0146543	0.00150288	0.0119286	0.0189286	64.9114	8.0451	44	68	
0	20	1	18	298	3	347	21700	347	21700	0.0152254	0.00168161	0.0119286	0.0199286	62.536	10.0783	44	68	
0	20	1	19	504	3	636	42336	636	42336	0.0123059	0.000897445	0.0119286	0.0189286	66.566	5.69296	44	68	
0	20	1	20	229	3	365	22972	365	22972	0.0146793	0.00151758	0.0119286	0.0189286	62.937	9.80518	44	68	
0	20	1	21	120	3	550	36200	550	36200	0.0139431	0.00123392	0.0119286	0.0239286	65.8182	6.9058	44	68	
0	20	1	22	158	3	438	28200	438	28200	0.014287	0.0014531	0.00492857	0.0249286	64.3836	8.59561	44	68	
0	20	1	23	67	3	564	37200	564	37200	0.0136981	0.00109742	0.0119286	0.0229286	65.9574	6.7029	44	68	
0	20	1	24	211	3	452	29200	452	29200	0.014537	0.00150069	0.0119286	0.0189286	64.6018	8.37644	44	68	
0	20	1	25	150	3	453	29268	453	29268	0.0142774	0.00144278	0.00492857	0.0249286	64.6093	8.36869	44	68	
0	20	1	26	27	3	424	27200	424	27200	0.0134687	0.000990878	0.0119286	0.0219286	64.1509	8.81734	44	68	
0	20	1	27	26	3	277	16700	277	16700	0.0135134	0.00111845	0.0119286	0.0219286	60.2888	11.2277	44	68	
0	20	1	28	261	3	630	41904	630	41904	0.0145571	0.00153034	0.0119286	0.0189286	66.5143	5.78818	44	68	
0	20	1	29	469	3	466	30200	466	30200	0.0122311	0.00080367	0.0119286	0.0189286	64.8069	8.15978	44	68	
0	20	1	30	283	3	348	21768	348	21768	0.0147935	0.00161999	0.0119286	0.0199286	62.5517	10.0681	44	68	
0	20	1	31	19	3	760	51200	760	51200	0.0133233	0.00100825	0.0119286	0.0219286	67.3684	3.84427	44	68	
0	20	1	32	405	3	634	42200	634	42200	0.0138087	0.00214369	0.0119286	0.0199286	66.5615	5.70138	44	68	
0	20	1	33	451	3	522	34200	522	34200	0.012191	0.000848442	0.0119286	0.0179286	65.5172	7.31605	44	68	
0	20	1	34	565	3	711	47676	711	47676	0.012771	0.00102528	0.0119286	0.0199286	67.0549	4.67129	44	68	
0	20	1	35	571	3	564	37176	564	37176	0.012925	0.00101673	0.0119286	0.0209286	65.9149	6.7658	44	68	
0	20	1	36	25	3	382	24200	382	24200	0.0134993	0.00107902	0.0119286	0.0219286	63.3508	9.49748	44	68	
0	20	1	37	295	3	431	27700	431	27700	0.0150747	0.00165079	0.0119286	0.0199286	64.2691	8.70616	44	68	
0	20	1	38	16	3	271	16268	271	16268	0.013412	0.00117957	0.0119286	0.0219286	60.0295	11.3241	44	68	
0	20	1	39	403	3	718	48200	718	48200	0.0137057	0.00207272	0.0119286	0.0199286	67.1309	4.48672	44	68	
0	20	1	40	328	3	248	14608	248	14608	0.0152552	0.00173619	0.0119286	0.0209286	58.9032	11.6671	44	68	
0	20	1	41	552	3	641	42700	641	42700	0.0126524	0.000985936	0.0119286	0.0199286	66.6147	5.60159	44	68	
0	20	1	42	262	3	347	21700	347	21700	0.0147095	0.00155195	0.0119286	0.0189286	62.536	10.0783	44	68	
0	20	1	43	14	3	522	34200	522	34200	0.0132657	0.00105206	0.0119286	0.0219286	65.5172	7.31605	44	68	
0	20	1	44	350	3	375	23676	375	23676	0.0152966	0.00171437	0.0119286	0.0209286	63.136	9.66056	44	68	
0	20	1	45	282	3	669	44700	669	44700	0.0148538	0.00160941	0.0119286	0.0199286	66.8161	5.2011	44	68	
0	20	1	46	194	3	1440	71382	1440	71382	0.0191647	0.0029255	0.0129286	0.0249286	49.5708	2.27394	48	67	
0	20	1	47	485	3	1440	71460	1440	71460	0.0170793	0.0072534	0.0119286	0.0919286	49.625	2.45055	48	72	
0	20	1	48	312	3	1440	71319	1440	71319	0.0201543	0.002738	0.0119286	0.0259286	49.5271	2.22796	48	71	
0	20	1	49	21	3	1440	71575	1440	71575	0.0165682	0.00327264	0.0129286	0.0279286	49.7049	2.47343	48	69	
0	20	1	50	94	3	1440	71261	1440	71261	0.0197577	0.00638111	0.0119286	0.0809286	49.4868	2.17346	48	65	
0	20	1	51	28	3	1440	71193	1440	71193	0.0167945	0.00320518	0.0129286	0.0279286	49.4396	2.11069	48	71	
0	20	1	52	468	3	1440	71390	1440	71390	0.0163487	0.00464911	0.0119286	0.0409286	49.5764	2.3433	48	73	
0	20	1	53	314	3	1440	71265	1440	71265	0.0196702	0.00266732	0.0119286	0.0259286	49.4896	2.07099	48	65	
0	20	1	54	382	3	1440	71550	1440	71550	0.0184404	0.00417576	0.0119286	0.0319286	49.6875	2.44144	48	75	
0	20	1	55	208	3	1440	71292	1440	71292	0.0193182	0.00293175	0.0129286	0.0259286	49.5083	2.00969	48	66	
0	20	1	56	111	3	1440	71288	1440	71288	0.0194279	0.00460941	0.0119286	0.0579286	49.5056	2.18784	48	79	
0	20	1	57	118	3	1440	71304	1440	71304	0.0176438	0.0031128	0.0119286	0.0289286	49.5167	2.19539	48	69	
0	20	1	58	82	3	1440	71338	1440	71338	0.01713	0.0030983	0.0119286	0.0279286	49.5403	2.05377	48	63	
0	20	1	59	209	3	1440	71586	1440	71586	0.0187619	0.0028424	0.0129286	0.0259286	49.7125	2.5779	48	80	
0	20	1	60	243	3	1440	71383	1440	71383	0.0189647	0.00276382	0.0139286	0.0259286	49.5715	2.27697	48	65	
0	20	1	61	159	3	1440	71331	1440	71331	0.0182987	0.00293048	0.0129286	0.0289286	49.5354	2.19073	48	70	
0	20	1	62	109	3	1440	71318	1440	71318	0.0172807	0.00309166	0.0119286	0.0289286	49.5264	2.06782	48	67	
0	20	1	63	551	3	1440	71467	1440	71467	0.0161188	0.00406598	0.0119286	0.0299286	49.6299	2.29356	48	74	
0	20	1	64	563	3	1440	71324	1440	71324	0.0160022	0.00358285	0.0119286	0.0299286	49.5306	2.32798	48	82	
0	20	1	65	429	3	1440	71308	1440	71308	0.0185147	0.00423668	0.0119286	0.0269286	49.5194	2.24544	48	72	
0	20	1	66	148	3	1440	71406	1440	71406	0.0197473	0.00334756	0.0129286	0.0339286	49.5875	2.28889	48	74	
0	20	1	67	263	3	1440	71342	1440	71342	0.0191779	0.00278454	0.0119286	0.0259286	49.5431	2.24635	48	72	
0	20	1	68	131	3	1440	71397	1440	71397	0.0179063	0.00303961	0.0119286	0.0289286	49.5813	2.38021	48	79	
0	20	1	69	56	3	1440	71142	1440	71142	0.0176063	0.00320815	0.0119286	0.0279286	49.4042	2.06004	48	64	
0	20	1	70	95	3	1440	71288	1440	71288	0.0173904	0.00312201	0.0119286	0.0289286	49.5056	2.09403	48	67	
0	20	1	71	68	3	1440	71280	1440	71280	0.0170369	0.00310832	0.0119286	0.0279286	49.5	2.03308	48	63	
0	20	1	72	385	3	1440	71104	1440	71104	0.0178105	0.00433724	0.0119286	0.0319286	49.3778	2.0808	48	75	
0	20	1	73	363	3	1440	71353	1440	71353	0.0199105	0.00259758	0.0119286	0.0259286	49.5507	2.31025	48	80	
0	20	1	74	117	3	1440	71122	1440	71122	0.0175119	0.0031111	0.0119286	0.0289286	49.3903	1.93225	48	61	
0	20	1	75	570	3	1440	71298	1440	71298	0.0161188	0.00343629	0.0129286	0.0279286	49.5125	2.15129	48	67	
0	20	1	76	365	3	450	35715	450	35715	0.0131041	0.000610106	0.0129286	0.0169286	79.3667	7.26411	67	116	
0	20	1	77	448	3	450	36140	450	36140	0.011933	9.42809e-05	0.0119286	0.0139286	80.3111	7.55683	66	133	
0	20	1	78	3	3	450	35955	450	35955	0.0119308	4.71405e-05	0.0119286	0.0129286	79.9	7.27177	66	122	
0	20	1	79	280	3	450	35840	449	35747	0.0119286	0	0.0119286	0.0119286	79.6147	6.97642	66	105	
0	20	1	80	149	3	450	35919	450	35919	0.0122263	0.000725142	0.0119286	0.0149286	79.82	7.77415	66	114	
0	20	1	81	172	3	450	35885	449	35789	0.0119286	0	0.0119286	0.0119286	79.7082	6.91737	65	106	
0	20	1	82	538	3	450	35961	450	35961	0.0124241	0.00118499	0.0119286	0.0159286	79.9133	7.11434	66	110	
0	20	1	83	449	3	450	36117	449	36042	0.0131869	0.000770597	0.0129286	0.0179286	80.2717	7.98168	65	115	
0	20	1	84	576	3	450	35763	450	35763	0.0129886	0.0011669	0.0119286	0.0199286	79.4733	7.75548	66	126	
0	20	1	85	20	3	450	35696	450	35696	0.0124108	0.00105142	0.0119286	0.0159286	79.3244	7.1759	66	113	
0	20	1	86	161	3	450	35771	450	35771	0.0127041	0.0016364	0.0119286	0.0169286	79.4911	7.11979	66	109	
0	20	1	87	432	3	450	36008	450	36008	0.0123486	0.000914642	0.0119286	0.0179286	80.0178	6.89337	67	108	
0	20	1	88	15	3	450	35654	450	35654	0.0119286	0	0.0119286	0.0119286	79.2311	7.0376	66	112	
0	20	1	89	351	3	450	35956	450	35956	0.014653	0.00166841	0.0119286	0.0199286	79.9022	7.50496	66	118	
0	20	1	90	39	3	450	35997	449	35913	0.0141914	0.000791964	0.0129286	0.0209286	79.9844	7.15125	65	111	
0	20	1	91	281	3	450	35797	449	35697	0.0121602	0.000570696	0.0119286	0.0159286	79.5033	7.02995	65	109	
0	20	1	92	81	3	450	35747	450	35747	0.0119308	4.71405e-05	0.0119286	0.0129286	79.4378	7.49859	66	110	
0	20	1	93	540	3	450	35662	450	35662	0.0127352	0.00155392	0.0119286	0.0179286	79.2489	6.88728	65	118	
0	20	1	94	470	3	450	36121	449	36044	0.0119286	0	0.0119286	0.0119286	80.2762	7.21694	66	107	
0	20	1	95	404	3	450	35887	450	35887	0.0119308	4.71405e-05	0.0119286	0.0129286	79.7489	6.98242	65	106	
0	20	1	96	1	3	450	35870	450	35870	0.0122886	0.00100298	0.0119286	0.0159286	79.7111	7.39506	65	106	
0	20	1	97	564	3	450	35760	450	35760	0.0122175	0.000700691	0.0119286	0.0159286	79.4667	6.99156	64	114	
0	20	1	98	192	3	450	35725	450	35725	0.0134175	0.00121831	0.0119286	0.0239286	79.3889	6.8015	66	103	
0	20	1	99	38	3	450	35701	450	35701	0.0136175	0.000990427	0.0129286	0.0189286	79.3356	6.75738	67	104	
0	20	1	100	329	3	450	35819	450	35819	0.011933	9.42809e-05	0.0119286	0.0139286	79.5978	6.95166	67	109	
0	20	1	101	134	3	450	35857	450	35857	0.0142686	0.00117602	0.0119286	0.0179286	79.6822	7.79292	64	120	
0	20	1	102	40	3	450	35905	449	35832	0.0119286	0	0.0119286	0.0119286	79.804	6.80578	63	102	
0	20	1	103	70	3	450	35867	449	35791	0.0119286	0	0.0119286	0.0119286	79.7127	7.61606	65	121	
0	20	1	104	539	3	450	35662	450	35662	0.0140663	0.00190385	0.0119286	0.0199286	79.2489	6.6701	65	109	
0	20	1	105	260	3	450	35966	450	35966	0.0125375	0.0012848	0.0119286	0.0189286	79.9244	7.9168	66	122	
0	20	1	106	147	3	12	4452	12	4452	0.0136635	0.00196774	0.0119286	0.0169286	371	545.648	54	1458	
0	20	1	107	170	3	4	720	4	720	0.0121964	0.000489278	0.0119286	0.0129286	180	249.34	54	554	
0	20	1	108	160	3	4	520	4	520	0.0121964	0.000489278	0.0119286	0.0129286	130	149.345	54	354	
0	20	1	109	228	3	6	928	6	928	0.0142908	0.0025897	0.0119286	0.0189998	154.667	154.411	54	354	
0	20	1	110	505	3	4	420	4	420	0.0149463	0.00294413	0.0119286	0.0189286	105	99.3512	54	254	
0	20	1	111	132	3	6	1028	6	1028	0.0131774	0.00239503	0.0119286	0.0179998	171.333	182.983	54	454	
0	20	1	112	362	3	4	620	4	620	0.0141962	0.00187775	0.0129286	0.0169286	155	199.342	54	454	
0	20	1	113	226	3	8	1336	8	1336	0.0150662	0.00222152	0.0123334	0.0189994	167	163.822	54	454	
0	20	1	114	384	3	4	620	4	620	0.0146963	0.00322568	0.0119286	0.0179995	155	199.342	54	454	
0	20	1	115	566	3	4	520	4	520	0.0139464	0.00398826	0.0119286	0.0199286	130	149.345	54	354	
0	20	1	116	487	3	4	420	4	420	0.0136964	0.0034883	0.0119286	0.0189286	105	99.3512	54	254	
0	20	1	117	431	3	4	920	4	920	0.0136963	0.00286633	0.0119286	0.0179286	230	349.338	54	754	
0	20	1	118	450	3	6	2028	6	2028	0.0139404	0.00308932	0.0119286	0.0179286	338	561.233	54	1458	
0	20	1	119	4	3	6	2128	6	2128	0.0129405	0.00169896	0.0119286	0.0159999	354.667	563.142	54	1458	
0	20	1	120	502	3	6	1028	6	1028	0.0132877	0.0027903	0.0119286	0.0189286	171.333	203.673	54	554	
0	20	1	121	467	3	6	828	6	828	0.0130111	0.00241468	0.0119286	0.0179286	138	132.424	54	354	
0	20	1	122	193	3	4	420	4	420	0.0121964	0.000489265	0.0119286	0.0129286	105	99.3512	54	254	
0	20	1	123	573	3	4	420	4	420	0.0154463	0.00378299	0.0129286	0.0209286	105	99.3512	54	254	
0	20	1	124	296	3	6	1628	6	1628	0.0147964	0.00252544	0.0119286	0.0179998	271.333	439.685	54	1154	
0	20	1	125	227	3	6	1228	6	1228	0.0149415	0.00285201	0.0119356	0.0199994	204.667	250.525	54	654	
0	20	1	126	572	3	14	6260	14	6260	0.0140925	0.00250327	0.0119286	0.0209286	447.143	581.026	54	1458	
0	20	1	127	171	3	4	620	4	620	0.0121964	0.000489265	0.0119286	0.0129286	155	199.342	54	454	
0	20	1	128	97	3	4	520	4	520	0.0119464	3.55752e-05	0.0119286	0.0119997	130	149.345	54	354	
0	20	1	129	17	3	4	520	4	520	0.0134463	0.00303548	0.0119286	0.0179995	130	149.345	54	354	
0	20	1	130	349	3	6	1028	6	1028	0.0147737	0.00291334	0.0119286	0.0189286	171.333	182.983	54	454	
0	20	1	131	22	3	4	720	4	720	0.0136963	0.001282	0.0119286	0.0149993	180	249.34	54	554	
0	20	1	132	110	3	4	920	4	920	0.0119464	3.56747e-05	0.0119286	0.0119999	230	349.338	54	754	
0	20	1	133	352	3	4	720	4	720	0.0146961	0.00168402	0.0129988	0.0169286	180	249.34	54	554	
0	20	1	134	41	3	4	620	4	620	0.0129464	0.00139775	0.0119286	0.0149286	155	199.342	54	454	
0	20	1	135	313	3	6	1428	6	1428	0.0144417	0.00279677	0.0119286	0.0179286	238	324.617	54	854	
0	20	1	136	520	3	169	9130	169	9130	0.0126268	0.0012238	0.0119286	0.0179286	54.0237	0.307692	54	58	
0	20	1	137	577	3	169	9130	169	9130	0.0124256	0.00093302	0.0119286	0.0169286	54.0237	0.307692	54	58	
0	20	1	138	488	3	169	9130	169	9130	0.0124789	0.00110147	0.0119286	0.0169286	54.0237	0.307692	54	58	
0	20	1	139	553	3	169	9130	169	9130	0.0125499	0.00118965	0.0119286	0.0179286	54.0237	0.307692	54	58	
0	20	1	140	54	3	170	9184	170	9184	0.0126109	0.00136492	0.0119286	0.0179286	54.0235	0.306786	54	58	
0	20	1	141	83	3	170	9184	170	9184	0.0125815	0.00121753	0.0119286	0.0179286	54.0235	0.306786	54	58	
0	20	1	142	245	3	170	9184	170	9184	0.0125933	0.0012013	0.0119286	0.0169286	54.0235	0.306786	54	58	
0	20	1	143	326	3	170	9184	169	9130	0.0126623	0.00127012	0.0119286	0.0179286	54.0237	0.307692	54	58	
0	20	1	144	383	3	170	9184	169	9130	0.0124256	0.00106974	0.0119286	0.0179286	54.0237	0.307692	54	58	
0	20	1	145	522	3	169	9130	169	9130	0.0125735	0.00120193	0.0119286	0.0189286	54.0237	0.307692	54	58	
0	20	1	146	69	3	170	9184	170	9184	0.0124462	0.00101599	0.0119286	0.0169286	54.0235	0.306786	54	58	
0	20	1	147	210	3	170	9184	170	9184	0.0124933	0.00116606	0.0119286	0.0169286	54.0235	0.306786	54	58	
0	20	1	148	169	3	170	9184	170	9184	0.0122992	0.000921964	0.0119286	0.0169286	54.0235	0.306786	54	58	
0	20	1	149	108	3	170	9184	170	9184	0.0122462	0.000866357	0.0119286	0.0169286	54.0235	0.306786	54	58	
0	20	1	150	96	3	170	9184	170	9184	0.0122521	0.000701671	0.0119286	0.0169286	54.0235	0.306786	54	58	
0	20	1	151	486	3	4	1162	4	1162	0.0134286	0.00191485	0.0119286	0.0159286	290.5	499.667	40	1040	
0	20	1	152	537	3	4	1162	4	1162	0.0146786	0.00320156	0.0119286	0.0179286	290.5	499.667	40	1040	
0	20	1	153	406	3	4	1162	4	1162	0.0124286	0.001	0.0119286	0.0139286	290.5	499.667	40	1040	
0	20	1	154	311	3	4	1162	4	1162	0.0134286	0.00191485	0.0119286	0.0159286	290.5	499.667	40	1040	
0	20	1	155	84	3	4	1162	4	1162	0.0126786	0.000957427	0.0119286	0.0139286	290.5	499.667	40	1040	
